3.156048357486724854e-01 5.771438777446746826e-02 1.054080650210380554e-01 -2.677868902683258057e-01 -9.023535251617431641e-01
3.848070502281188965e-01 -7.789060473442077637e-02 6.836552917957305908e-02 -2.335292845964431763e-01 -8.869311213493347168e-01
8.869479298591613770e-01 -3.662327229976654053e-01 -7.095940411090850830e-02 1.215443611145019531e-01 2.436979860067367554e-01
3.627033829689025879e-01 -1.254432648420333862e-01 1.097909435629844666e-01 -2.393763661384582520e-01 -8.850736021995544434e-01
3.401068747043609619e-01 -1.109899654984474182e-01 1.463453471660614014e-01 -2.555614113807678223e-01 -8.861601352691650391e-01
8.951208591461181641e-01 -4.073410630226135254e-01 -3.284823149442672729e-02 7.927627861499786377e-02 1.595874279737472534e-01
-4.141818881034851074e-01 6.839489936828613281e-01 4.645590186119079590e-01 -2.315815091133117676e-01 -3.020301461219787598e-01
3.254226446151733398e-01 -1.053682565689086914e-01 1.324604004621505737e-01 -2.505480647087097168e-01 -8.959227204322814941e-01
8.504553437232971191e-01 -4.977489709854125977e-01 -6.266249716281890869e-02 1.173332780599594116e-01 1.061983183026313782e-01
8.563110828399658203e-01 -4.889347255229949951e-01 -9.016073495149612427e-02 1.164593100547790527e-01 7.734537124633789062e-02
-4.032537937164306641e-01 6.812263727188110352e-01 4.784630239009857178e-01 -2.378279715776443481e-01 -2.963578701019287109e-01
4.038251638412475586e-01 -1.047686189413070679e-01 1.065584346652030945e-01 -2.374196946620941162e-01 -8.707617521286010742e-01
-3.825146853923797607e-01 7.122503519058227539e-01 4.384068548679351807e-01 -2.359566539525985718e-01 -3.138566613197326660e-01
-4.148520231246948242e-01 5.054965019226074219e-01 6.797067523002624512e-01 -2.710991501808166504e-01 -1.920288950204849243e-01
8.757134675979614258e-01 -4.399093687534332275e-01 -9.111789613962173462e-02 1.127494275569915771e-01 1.363477855920791626e-01
9.045093059539794922e-01 -3.724530935287475586e-01 -6.584031879901885986e-02 8.990348875522613525e-02 1.752827316522598267e-01
-4.319499433040618896e-01 6.709035038948059082e-01 4.474368393421173096e-01 -2.284044623374938965e-01 -3.330758213996887207e-01
-4.564078748226165771e-01 5.302375555038452148e-01 6.458435654640197754e-01 -2.461847364902496338e-01 -1.811599284410476685e-01
-4.290622472763061523e-01 4.973832666873931885e-01 6.493759751319885254e-01 -2.700667381286621094e-01 -2.718278467655181885e-01
8.732307553291320801e-01 -4.338576495647430420e-01 -1.030308455228805542e-01 1.310054063796997070e-01 1.464848816394805908e-01
3.227319419384002686e-01 -1.542302221059799194e-01 1.482910364866256714e-01 -2.436287999153137207e-01 -8.892198204994201660e-01
4.012065827846527100e-01 -2.018391340970993042e-01 1.010182946920394897e-01 -2.138916254043579102e-01 -8.615914583206176758e-01
3.417377173900604248e-01 -3.973605483770370483e-02 1.970220655202865601e-01 -2.827426493167877197e-01 -8.734272718429565430e-01
8.592599630355834961e-01 -4.676823019981384277e-01 -5.291791260242462158e-02 1.182860136032104492e-01 1.617210805416107178e-01
-3.826259374618530273e-01 7.014412283897399902e-01 4.779076278209686279e-01 -2.315722107887268066e-01 -2.820570170879364014e-01
-4.483883082866668701e-01 4.686834812164306641e-01 6.625157594680786133e-01 -2.665417790412902832e-01 -2.632717192173004150e-01
3.281851708889007568e-01 1.136675029993057251e-01 1.307097673416137695e-01 -2.798576951026916504e-01 -8.854201436042785645e-01
3.379570841789245605e-01 8.033487945795059204e-02 1.288201808929443359e-01 -2.674261033535003662e-01 -8.895054459571838379e-01
8.466459512710571289e-01 -5.198187828063964844e-01 -1.390910707414150238e-02 8.572664856910705566e-02 7.373248785734176636e-02
4.364293217658996582e-01 -1.287688910961151123e-01 9.842498600482940674e-02 -2.294233590364456177e-01 -8.547662496566772461e-01
8.998727798461914062e-01 -3.900453746318817139e-01 -6.344988942146301270e-02 1.021377220749855042e-01 1.537384837865829468e-01
3.353971540927886963e-01 1.054669544100761414e-01 1.609656214714050293e-01 -2.912558913230895996e-01 -8.750118017196655273e-01
3.333863914012908936e-01 6.930867433547973633e-01 4.893497377634048462e-02 -2.435325533151626587e-01 -5.888815522193908691e-01
3.444131016731262207e-01 -1.064182296395301819e-01 1.610443592071533203e-01 -2.566417753696441650e-01 -8.821873664855957031e-01
2.380540668964385986e-01 -2.372762560844421387e-01 2.996604144573211670e-01 -2.691637873649597168e-01 -8.513429164886474609e-01
3.284586966037750244e-01 -4.877528920769691467e-02 9.596571326255798340e-02 -2.292061597108840942e-01 -9.099401235580444336e-01
-4.496476650238037109e-01 4.830868244171142578e-01 6.877788901329040527e-01 -2.520106136798858643e-01 -1.670175194740295410e-01
2.425330430269241333e-01 -9.280846267938613892e-02 2.967118322849273682e-01 -2.945903539657592773e-01 -8.704842925071716309e-01
3.124190568923950195e-01 1.849438548088073730e-01 2.178886234760284424e-01 -3.044706583023071289e-01 -8.532363176345825195e-01
2.591724097728729248e-01 -1.369171738624572754e-01 2.176773101091384888e-01 -2.554725408554077148e-01 -8.952282667160034180e-01
8.467849493026733398e-01 -4.538825452327728271e-01 3.413029387593269348e-02 1.072235926985740662e-01 2.535430788993835449e-01
8.240446448326110840e-01 -4.999955594539642334e-01 -3.380379453301429749e-02 1.523817777633666992e-01 2.158517986536026001e-01
8.767982125282287598e-01 -4.346382021903991699e-01 -8.897190541028976440e-02 1.239410042762756348e-01 1.379757076501846313e-01
2.873564064502716064e-01 -4.983790591359138489e-02 2.078133970499038696e-01 -2.755806148052215576e-01 -8.920825719833374023e-01
3.466078639030456543e-01 -2.645090222358703613e-02 1.327595114707946777e-01 -2.521017193794250488e-01 -8.932988643646240234e-01
3.021008372306823730e-01 -9.375102072954177856e-02 1.164907589554786682e-01 -2.324401885271072388e-01 -9.123307466506958008e-01
8.792105913162231445e-01 -4.336221218109130859e-01 -5.454398319125175476e-02 1.184491068124771118e-01 1.481732726097106934e-01
3.656714260578155518e-01 -1.635636538267135620e-01 1.401448547840118408e-01 -2.330935746431350708e-01 -8.749618530273437500e-01
3.483748733997344971e-01 -1.252141147851943970e-01 1.002551391720771790e-01 -2.233069390058517456e-01 -8.961246609687805176e-01
8.903471827507019043e-01 -3.442206680774688721e-01 -4.754738882184028625e-02 1.265693157911300659e-01 2.655438184738159180e-01
3.350689709186553955e-01 9.171903729438781738e-01 -1.120178997516632080e-01 2.467071264982223511e-02 1.825758069753646851e-01
3.817803859710693359e-01 -9.899111464619636536e-03 1.512896567583084106e-01 -2.625630199909210205e-01 -8.731081485748291016e-01
3.455818891525268555e-01 7.675234079360961914e-01 1.358249690383672714e-02 -2.116932570934295654e-01 -4.964699447154998779e-01
-8.764792233705520630e-02 -1.486380398273468018e-01 9.177839756011962891e-01 -1.831445991992950439e-01 3.071729838848114014e-01
8.899501562118530273e-01 -3.987510502338409424e-01 5.388179561123251915e-04 8.822344243526458740e-02 2.029839307069778442e-01
8.672847151756286621e-01 -4.735539853572845459e-01 -8.069182932376861572e-02 1.181073859333992004e-01 5.570821091532707214e-02
2.676657438278198242e-01 9.425643682479858398e-01 -3.901423513889312744e-02 1.274888683110475540e-02 1.955579966306686401e-01
8.644051551818847656e-01 -4.477301239967346191e-01 -1.420032698661088943e-02 1.140492856502532959e-01 1.978196203708648682e-01
-2.144154310226440430e-01 6.586793065071105957e-01 6.686424612998962402e-01 -2.533980011940002441e-01 -9.420409053564071655e-02
8.564637899398803711e-01 -4.841330945491790771e-01 -1.810672506690025330e-02 1.160893514752388000e-01 1.352050453424453735e-01
2.480888366699218750e-01 -5.903026461601257324e-01 7.022912502288818359e-01 -1.878920942544937134e-01 -2.479478567838668823e-01
8.531940579414367676e-01 -5.173111557960510254e-01 3.149867802858352661e-02 5.589468777179718018e-02 1.823756843805313110e-02
3.157177865505218506e-01 4.079904854297637939e-01 1.835643500089645386e-01 -2.699163258075714111e-01 -7.920323610305786133e-01
-1.102233454585075378e-01 7.832931876182556152e-01 5.038440823554992676e-01 -1.224593147635459900e-01 3.247266709804534912e-01
3.095599114894866943e-01 -1.262652128934860229e-01 1.625121682882308960e-01 -2.346325367689132690e-01 -8.982021212577819824e-01
4.315139055252075195e-01 -6.884466856718063354e-02 9.402088820934295654e-02 -2.281105518341064453e-01 -8.649750351905822754e-01
-2.715084552764892578e-01 2.820858359336853027e-01 8.731539249420166016e-01 -2.716267704963684082e-01 -1.026251167058944702e-01
3.209163844585418701e-01 -9.478266537189483643e-02 1.822938174009323120e-01 -2.373496741056442261e-01 -8.935676217079162598e-01
-7.221803814172744751e-02 6.938998103141784668e-01 5.268405675888061523e-01 -8.359618484973907471e-02 4.782658219337463379e-01
8.688368201255798340e-01 -4.263217449188232422e-01 -4.811370372772216797e-02 1.371329277753829956e-01 2.055532038211822510e-01
2.011496424674987793e-01 -2.266295254230499268e-01 3.510970175266265869e-01 -2.688563764095306396e-01 -8.441711664199829102e-01
3.688779771327972412e-01 6.456175446510314941e-01 -1.177246333099901676e-03 -2.031741738319396973e-01 -6.370446085929870605e-01
2.999625802040100098e-01 9.023447036743164062e-01 -1.316338181495666504e-01 8.244612067937850952e-02 2.677156031131744385e-01
8.672542572021484375e-01 -4.318045377731323242e-01 -6.144945323467254639e-02 1.443420648574829102e-01 1.918441802263259888e-01
2.541640996932983398e-01 3.117199242115020752e-01 2.170879542827606201e-01 -2.999868094921112061e-01 -8.373243808746337891e-01
2.598124444484710693e-01 -6.025565266609191895e-01 6.557407379150390625e-01 -2.027159780263900757e-01 -3.135817646980285645e-01
3.644241690635681152e-01 2.378576099872589111e-01 2.004009336233139038e-01 -3.045936226844787598e-01 -8.232137560844421387e-01
8.426686525344848633e-01 -5.265900492668151855e-01 6.261473521590232849e-03 9.011091291904449463e-02 6.673257052898406982e-02
-1.181497201323509216e-01 4.163038432598114014e-01 6.652487516403198242e-01 -2.896839380264282227e-01 -5.350319147109985352e-01
-2.271159887313842773e-01 1.723439395427703857e-01 9.083046913146972656e-01 -2.506373822689056396e-01 -1.757255792617797852e-01
3.737052083015441895e-01 8.775717616081237793e-01 -1.090145334601402283e-01 4.726330190896987915e-02 2.758520245552062988e-01
4.445295631885528564e-01 -1.005284115672111511e-01 1.066778302192687988e-01 -2.126738131046295166e-01 -8.577162623405456543e-01
3.294429779052734375e-01 8.538433313369750977e-01 7.879614084959030151e-02 -2.015846371650695801e-01 -3.399611115455627441e-01
1.550826728343963623e-01 -2.135966867208480835e-01 3.267880082130432129e-01 -2.502869963645935059e-01 -8.722912073135375977e-01
2.577245831489562988e-01 -1.878068149089813232e-01 3.659285008907318115e-01 -2.776670455932617188e-01 -8.290380239486694336e-01
3.124146163463592529e-01 8.720947504043579102e-01 -1.283679455518722534e-01 8.144389837980270386e-02 3.445814251899719238e-01
3.135646879673004150e-01 -1.211830228567123413e-01 2.135191559791564941e-01 -2.340777367353439331e-01 -8.869098424911499023e-01
2.373236715793609619e-01 -6.709699332714080811e-02 2.284279465675354004e-01 -2.399070113897323608e-01 -9.107363224029541016e-01
3.442541658878326416e-01 7.419648766517639160e-01 6.403703987598419189e-02 -2.244056016206741333e-01 -5.258502960205078125e-01
8.344306349754333496e-01 -4.681842923164367676e-01 -5.481807980686426163e-03 1.438015401363372803e-01 2.526263892650604248e-01
-2.367207705974578857e-01 7.988239526748657227e-01 5.160900950431823730e-01 -1.419152170419692993e-01 1.391212046146392822e-01
-5.481586232781410217e-02 -1.635969281196594238e-01 9.153305888175964355e-01 -1.841090172529220581e-01 3.138548731803894043e-01
3.368451595306396484e-01 -2.958957664668560028e-02 1.471078991889953613e-01 -2.284058034420013428e-01 -9.010271430015563965e-01
2.447682172060012817e-01 9.046760797500610352e-01 6.174036860466003418e-02 1.337283011525869370e-02 3.430144190788269043e-01
2.896396815776824951e-01 -1.022158488631248474e-01 1.830916851758956909e-01 -2.337036728858947754e-01 -9.041685461997985840e-01
-1.245241314172744751e-01 6.495370268821716309e-01 6.575366854667663574e-01 -2.608152925968170166e-01 -2.494319528341293335e-01
8.514103889465332031e-01 -4.562596082687377930e-01 -2.282122522592544556e-02 1.372761130332946777e-01 2.180871069431304932e-01
3.715514242649078369e-01 8.927215933799743652e-01 2.396449632942676544e-02 2.111982926726341248e-02 2.529376745223999023e-01
-1.674862653017044067e-01 2.023834586143493652e-01 7.381147742271423340e-01 -3.058058321475982666e-01 -5.409793853759765625e-01
8.383515477180480957e-01 -4.457263946533203125e-01 -4.762046039104461670e-03 1.523215472698211670e-01 2.743537724018096924e-01
3.747145533561706543e-01 6.861214041709899902e-01 6.418223679065704346e-02 -2.017427384853363037e-01 -5.865209698677062988e-01
1.937379091978073120e-01 -5.493617057800292969e-01 7.288567423820495605e-01 -2.155742943286895752e-01 -2.880328595638275146e-01
3.963310122489929199e-01 8.866764903068542480e-01 1.066316142678260803e-01 -2.179198525846004486e-02 2.118521630764007568e-01
8.797562122344970703e-01 -3.760912716388702393e-01 -1.014004796743392944e-01 1.732612848281860352e-01 2.104349136352539062e-01
3.094544112682342529e-01 8.426055312156677246e-01 5.933200567960739136e-02 5.662785843014717102e-02 4.330436587333679199e-01
-2.869521081447601318e-01 5.440374612808227539e-01 7.249690890312194824e-01 -2.288682311773300171e-01 -2.090955227613449097e-01
-1.150546073913574219e-01 7.134582996368408203e-01 5.247889161109924316e-01 -6.050710380077362061e-02 4.457299113273620605e-01
3.557033836841583252e-01 -2.353591099381446838e-02 2.900054454803466797e-01 -2.637389004230499268e-01 -8.480918407440185547e-01
3.550990223884582520e-01 9.176674485206604004e-01 -5.778520554304122925e-02 1.841157861053943634e-02 1.676697880029678345e-01
-1.278046667575836182e-01 1.226838603615760803e-01 9.243065714836120605e-01 -2.793751358985900879e-01 -1.903193444013595581e-01
-3.129460215568542480e-01 1.493109762668609619e-01 7.169885039329528809e-01 -2.821787595748901367e-01 -5.348584651947021484e-01
-4.101948440074920654e-01 4.773773252964019775e-01 7.479635477066040039e-01 -1.254253238439559937e-01 1.693230271339416504e-01
6.617600470781326294e-02 1.124686375260353088e-01 5.412870645523071289e-01 -3.106718063354492188e-01 -7.703654170036315918e-01
3.003664612770080566e-01 8.511018157005310059e-01 -9.581188112497329712e-02 1.179144978523254395e-01 4.028920233249664307e-01
-3.008880019187927246e-01 7.067977786064147949e-01 5.717236995697021484e-01 -8.353868126869201660e-02 2.757834196090698242e-01
-3.796298801898956299e-01 3.776626288890838623e-01 7.466885447502136230e-01 -2.589454352855682373e-01 -2.977507710456848145e-01
8.353735208511352539e-01 -4.899135529994964600e-01 -3.160463646054267883e-02 1.641466766595840454e-01 1.849133223295211792e-01
8.459836840629577637e-01 -4.606850445270538330e-01 -7.578792283311486244e-04 1.456007361412048340e-01 2.255678027868270874e-01
-8.463678508996963501e-02 7.564421296119689941e-01 5.067164301872253418e-01 -9.795921295881271362e-02 3.927777409553527832e-01
1.872895061969757080e-01 9.653167724609375000e-01 3.097982518374919891e-02 5.417456850409507751e-02 1.708551347255706787e-01
2.682750225067138672e-01 2.936368286609649658e-01 3.242469429969787598e-01 -2.264233678579330444e-01 -8.278902173042297363e-01
3.529074192047119141e-01 -1.548990160226821899e-01 2.926008999347686768e-01 -2.652879357337951660e-01 -8.339482545852661133e-01
8.843922615051269531e-01 -4.344699382781982422e-01 -2.475297078490257263e-02 1.006191521883010864e-01 1.354597359895706177e-01
-3.014070093631744385e-01 5.703048706054687500e-01 6.690729260444641113e-01 -2.358731925487518311e-01 -2.839215397834777832e-01
-1.056817770004272461e-01 7.138189673423767090e-01 5.417444109916687012e-01 -2.493812888860702515e-01 -3.515903651714324951e-01
2.777617573738098145e-01 -1.995860487222671509e-01 3.317473828792572021e-01 -2.525753974914550781e-01 -8.421182036399841309e-01
1.699797809123992920e-01 9.317527413368225098e-01 1.281479299068450928e-01 3.457300364971160889e-02 2.921072244644165039e-01
2.665939927101135254e-01 -1.530830748379230499e-03 7.450657486915588379e-01 -3.301251828670501709e-01 -5.146062970161437988e-01
-1.072321310639381409e-01 7.624434232711791992e-01 4.923529922962188721e-01 -8.330342918634414673e-02 3.972787857055664062e-01
3.501558005809783936e-01 8.674991726875305176e-01 -1.188713088631629944e-01 8.394337445497512817e-02 3.219614326953887939e-01
2.247622758150100708e-01 8.261870145797729492e-01 3.841619193553924561e-01 1.312133017927408218e-02 3.451730608940124512e-01
3.318009376525878906e-01 -4.143689870834350586e-01 7.732499837875366211e-01 -1.857251077890396118e-01 -2.929116189479827881e-01
2.179168611764907837e-01 9.462451338768005371e-01 1.566124707460403442e-01 3.451353870332241058e-03 1.805351078510284424e-01
-4.409443140029907227e-01 4.622423052787780762e-01 6.513401269912719727e-01 -2.173644602298736572e-01 -3.469999432563781738e-01
-2.076129466295242310e-01 7.357712388038635254e-01 6.003917455673217773e-01 -1.219204068183898926e-01 2.005061358213424683e-01
3.253066837787628174e-01 5.598065257072448730e-01 -1.189306192100048065e-02 -1.897745579481124878e-01 -7.379948496818542480e-01
8.240614533424377441e-01 -4.029948413372039795e-01 5.715918168425559998e-02 1.617869585752487183e-01 3.592709898948669434e-01
-2.087737172842025757e-01 6.087226867675781250e-01 7.364625334739685059e-01 -1.111705675721168518e-01 1.764486879110336304e-01
-2.251266688108444214e-01 4.744489192962646484e-01 8.314201831817626953e-01 -1.138802021741867065e-01 1.413786858320236206e-01
2.876533269882202148e-01 -7.115607708692550659e-02 3.485441207885742188e-01 -2.518316209316253662e-01 -8.528130650520324707e-01
2.426307201385498047e-01 -3.441204428672790527e-01 7.402912974357604980e-01 -2.160589098930358887e-01 -4.774921238422393799e-01
8.320760726928710938e-01 -4.580180943012237549e-01 7.111353427171707153e-02 1.372202038764953613e-01 2.719966173171997070e-01
3.182745352387428284e-02 7.604786753654479980e-01 5.288854837417602539e-01 -1.123673617839813232e-01 3.582081198692321777e-01
-9.823614358901977539e-02 7.739361524581909180e-01 5.662691593170166016e-01 -1.422048807144165039e-01 2.246989905834197998e-01
2.320203483104705811e-01 8.253518491983413696e-02 4.469578862190246582e-01 -3.056466579437255859e-01 -8.038427829742431641e-01
-2.041670083999633789e-01 5.795689821243286133e-01 7.719911932945251465e-01 -1.530574560165405273e-01 -5.494240298867225647e-02
-1.971955597400665283e-01 1.001636907458305359e-01 9.353989362716674805e-01 -2.562776803970336914e-01 -1.021360009908676147e-01
8.497970700263977051e-01 -4.696451723575592041e-01 4.258901625871658325e-02 1.221262887120246887e-01 2.013695836067199707e-01
1.167924404144287109e-01 3.124624863266944885e-02 7.469436526298522949e-01 -2.881677448749542236e-01 -5.868711471557617188e-01
-1.096679419279098511e-01 6.805597543716430664e-01 5.907523632049560547e-01 -7.567548006772994995e-02 4.124271869659423828e-01
-2.823239266872406006e-01 4.184295833110809326e-01 7.739711403846740723e-01 -1.494971960783004761e-01 -3.518937230110168457e-01
2.418213337659835815e-01 9.373607635498046875e-01 1.499815285205841064e-01 -1.895214058458805084e-02 2.000592499971389771e-01
3.696357011795043945e-01 8.759760260581970215e-01 1.268964558839797974e-01 3.097089007496833801e-02 2.810223698616027832e-01
-7.295294106006622314e-02 -1.116634830832481384e-01 9.125348925590515137e-01 -1.780966669321060181e-01 3.431774973869323730e-01
2.999320924282073975e-01 8.408102989196777344e-01 3.270955681800842285e-01 -1.831090152263641357e-01 -2.501168251037597656e-01
-1.792384088039398193e-01 2.706533968448638916e-01 9.101191759109497070e-01 -2.836718410253524780e-02 2.559272646903991699e-01
1.794764101505279541e-01 2.225098758935928345e-02 4.022003114223480225e-01 -2.628844082355499268e-01 -8.581491112709045410e-01
3.450132310390472412e-01 -4.006292223930358887e-01 7.549699544906616211e-01 -1.988498419523239136e-01 -3.330784738063812256e-01
-1.772452443838119507e-01 2.453521788120269775e-01 9.093511104583740234e-01 -2.016355693340301514e-01 -2.020148187875747681e-01
-8.674319833517074585e-02 6.352655887603759766e-01 6.088052392005920410e-01 -1.862281113862991333e-01 -4.284723401069641113e-01
-1.991309076547622681e-01 6.803826093673706055e-01 6.870955228805541992e-01 -1.591238230466842651e-01 -2.428832231089472771e-03
3.027501404285430908e-01 4.999797642230987549e-01 3.555048108100891113e-01 -2.220450639724731445e-01 -6.947481036186218262e-01
-1.990652382373809814e-01 7.434598803520202637e-01 5.664280056953430176e-01 2.182743512094020844e-02 2.938081622123718262e-01
-1.394289880990982056e-01 4.231364428997039795e-01 8.718300461769104004e-01 -1.642553657293319702e-01 -1.201979890465736389e-01
1.754313111305236816e-01 3.675171136856079102e-01 5.542987585067749023e-01 -2.509721517562866211e-01 -6.811174154281616211e-01
3.028749227523803711e-01 -5.627634469419717789e-03 2.465020269155502319e-01 -2.286022752523422241e-01 -8.917470574378967285e-01
-3.312699496746063232e-02 6.113812327384948730e-01 7.442513108253479004e-01 -1.507272720336914062e-01 -2.201973497867584229e-01
-1.109506413340568542e-01 6.724942475557327271e-02 9.672957658767700195e-01 -2.134937793016433716e-01 4.389456659555435181e-02
-7.076673209667205811e-02 4.598040580749511719e-01 8.229645490646362305e-01 -1.968792825937271118e-01 -2.598849236965179443e-01
-5.816933512687683105e-02 7.090258002281188965e-01 4.705381393432617188e-01 -3.506753966212272644e-02 5.208289027214050293e-01
-2.252051681280136108e-01 3.466430604457855225e-01 7.737367153167724609e-01 -2.170422822237014771e-01 -4.281884431838989258e-01
-3.342970907688140869e-01 5.647302865982055664e-01 6.845650672912597656e-01 2.187409438192844391e-02 3.165709674358367920e-01
-1.964394748210906982e-01 5.439384579658508301e-01 5.625350475311279297e-01 -2.237438708543777466e-01 -5.468414425849914551e-01
-1.834453195333480835e-01 6.488803029060363770e-01 6.893415451049804688e-01 -1.620171815156936646e-01 -2.094299197196960449e-01
-2.382065206766128540e-01 4.159359037876129150e-01 7.993562221527099609e-01 -2.253741323947906494e-01 -2.837094962596893311e-01
8.180349469184875488e-01 -4.833016395568847656e-01 9.190852195024490356e-02 1.437885016202926636e-01 2.609903812408447266e-01
2.524956464767456055e-01 7.812970876693725586e-01 4.764677286148071289e-01 -1.641060560941696167e-01 -2.680830955505371094e-01
-4.334908351302146912e-02 -2.690253220498561859e-02 9.601398110389709473e-01 -1.922906637191772461e-01 1.963490098714828491e-01
2.870869934558868408e-01 -4.484206438064575195e-01 7.776603102684020996e-01 -1.806674152612686157e-01 -2.812540531158447266e-01
5.945323407649993896e-02 4.306343495845794678e-01 8.405695557594299316e-01 -5.746687948703765869e-02 3.180561959743499756e-01
-2.448329776525497437e-01 6.356775164604187012e-01 7.198867201805114746e-01 -1.004633530974388123e-01 8.741366863250732422e-02
2.898463606834411621e-01 9.119471311569213867e-01 2.215337008237838745e-02 4.181942343711853027e-02 2.865344882011413574e-01
8.456521034240722656e-01 -4.004949629306793213e-01 -7.770726829767227173e-02 1.805359423160552979e-01 2.929925024509429932e-01
-2.254314273595809937e-01 3.001880645751953125e-01 7.841319441795349121e-01 -2.187606096267700195e-01 -4.431124925613403320e-01
2.337827533483505249e-02 5.843931436538696289e-01 7.955973744392395020e-01 -1.567276120185852051e-01 -1.998224109411239624e-02
8.503627777099609375e-01 -4.255132079124450684e-01 1.479750871658325195e-01 1.081962808966636658e-01 2.494368255138397217e-01
1.006328612565994263e-01 -9.435288608074188232e-02 8.679873347282409668e-01 -2.686081528663635254e-01 -3.942312002182006836e-01
4.373744130134582520e-02 7.196611762046813965e-01 6.415601968765258789e-01 -7.812902331352233887e-02 2.499423325061798096e-01
1.361089944839477539e-01 7.724795341491699219e-01 5.560444593429565430e-01 -1.431735157966613770e-01 -2.346606254577636719e-01
2.682107090950012207e-01 8.949990570545196533e-02 3.761425614356994629e-01 -2.366751283407211304e-01 -8.500320911407470703e-01
-1.190046817064285278e-01 5.924873948097229004e-01 7.684686183929443359e-01 -1.499045193195343018e-01 -1.475848555564880371e-01
2.948804199695587158e-01 9.046664834022521973e-01 9.647610038518905640e-02 1.633522473275661469e-02 2.916328907012939453e-01
2.479424178600311279e-01 9.177902340888977051e-01 2.665595710277557373e-01 -2.283835597336292267e-02 1.568756103515625000e-01
4.122758209705352783e-01 -1.182437986135482788e-01 2.853534817695617676e-01 -1.970348209142684937e-01 -8.341448903083801270e-01
3.185660839080810547e-01 5.640111491084098816e-02 1.142570003867149353e-01 -2.334736138582229614e-01 -9.098186492919921875e-01
-7.065140455961227417e-02 8.212705254554748535e-01 5.512183904647827148e-01 -4.073178023099899292e-02 1.225654780864715576e-01
5.885750055313110352e-01 6.098049283027648926e-01 5.168517231941223145e-01 -1.159084364771842957e-01 3.386620804667472839e-02
-5.344890058040618896e-02 4.820702970027923584e-01 5.077272653579711914e-01 -2.105776965618133545e-01 -6.801628470420837402e-01
-4.296081513166427612e-02 5.813220143318176270e-01 7.351879477500915527e-01 -2.034143507480621338e-01 -2.798936367034912109e-01
7.896595597267150879e-01 -4.647920131683349609e-01 7.115472108125686646e-02 1.823372989892959595e-01 3.494227230548858643e-01
5.810924768447875977e-01 -4.312164485454559326e-01 6.667882204055786133e-01 -1.062847003340721130e-01 -1.431118547916412354e-01
1.994193494319915771e-01 9.298648238182067871e-01 2.003671526908874512e-01 1.411013584583997726e-02 2.350259125232696533e-01
4.636831283569335938e-01 8.766610622406005859e-01 6.974732130765914917e-02 2.443114295601844788e-02 1.048889830708503723e-01
-4.242633283138275146e-02 8.238570094108581543e-01 5.632009506225585938e-01 2.584264054894447327e-02 -3.995534032583236694e-02
3.300874233245849609e-01 9.086530208587646484e-01 -1.427698973566293716e-02 7.644449919462203979e-02 2.436071038246154785e-01
8.750807642936706543e-01 -3.574216961860656738e-01 1.550524495542049408e-02 1.461282372474670410e-01 2.913578152656555176e-01
-2.484524697065353394e-01 5.737130045890808105e-01 7.752875089645385742e-01 -8.959653228521347046e-02 -5.153719335794448853e-03
1.743565226206555963e-04 4.557545483112335205e-01 8.872784972190856934e-01 -3.660681843757629395e-02 6.070022657513618469e-02
-1.834266632795333862e-01 7.375319004058837891e-01 6.084357500076293945e-01 -1.332462131977081299e-01 -1.856145113706588745e-01
-1.371873468160629272e-01 6.162807941436767578e-01 7.734143733978271484e-01 -3.726806957274675369e-03 5.651473999023437500e-02
-2.257696688175201416e-01 5.353693366050720215e-01 7.964838147163391113e-01 -1.093471795320510864e-01 -1.267453730106353760e-01
2.124120853841304779e-02 5.921176075935363770e-01 7.985324859619140625e-01 -8.452250063419342041e-02 6.440121680498123169e-02
4.291003644466400146e-01 8.982328176498413086e-01 2.772513218224048615e-02 -1.725955866277217865e-02 -8.935399353504180908e-02
4.106035083532333374e-02 6.400110125541687012e-01 7.625889778137207031e-01 -6.156890303827822208e-04 -8.460236340761184692e-02
2.492442540824413300e-02 7.539602518081665039e-01 6.379022002220153809e-01 -1.188052073121070862e-01 -9.944235533475875854e-02
-3.332991898059844971e-02 7.285987138748168945e-01 6.481888890266418457e-01 -8.086158894002437592e-03 2.186751216650009155e-01
5.377911403775215149e-02 4.746067523956298828e-01 8.439924716949462891e-01 -1.266971677541732788e-01 2.085203230381011963e-01
-1.946876645088195801e-01 5.900206565856933594e-01 7.430797815322875977e-01 -2.008515782654285431e-02 2.477930337190628052e-01
1.010137498378753662e-01 9.227670431137084961e-01 3.490775525569915771e-01 -4.827112890779972076e-03 1.281354725360870361e-01
-1.690498441457748413e-01 8.499801158905029297e-01 4.927793741226196289e-01 7.351140677928924561e-02 2.684288658201694489e-02
-1.823242902755737305e-01 6.596748232841491699e-01 6.780946254730224609e-01 -5.012934282422065735e-02 2.631761431694030762e-01
-1.108386144042015076e-01 4.027784764766693115e-01 7.427828311920166016e-01 -1.790683418512344360e-01 -4.916223287582397461e-01
-1.296529918909072876e-01 8.597800731658935547e-01 4.866387546062469482e-01 -8.454453200101852417e-02 1.803244114853441715e-03
-1.274428963661193848e-01 8.100184798240661621e-01 5.397959947586059570e-01 -3.284541890025138855e-02 1.875362247228622437e-01
2.496960163116455078e-01 7.712824940681457520e-01 4.910609424114227295e-01 4.767985641956329346e-02 3.152156174182891846e-01
8.992722630500793457e-01 -3.779692649841308594e-01 9.057431668043136597e-02 1.148757338523864746e-01 1.644642651081085205e-01
-9.880446642637252808e-02 7.276671528816223145e-01 6.599104404449462891e-01 -2.001467905938625336e-02 1.576574146747589111e-01
-1.679562181234359741e-01 4.365890324115753174e-01 8.702669739723205566e-01 -1.399713307619094849e-01 -6.499386578798294067e-02
-2.549211122095584869e-02 5.025338530540466309e-01 8.116179704666137695e-01 -6.811914592981338501e-02 2.888700067996978760e-01
3.346910476684570312e-01 2.054543606936931610e-02 3.029697835445404053e-01 -1.999840885400772095e-01 -8.693534135818481445e-01
-1.294006127864122391e-02 9.909324049949645996e-01 -2.870004996657371521e-02 1.160756796598434448e-01 -5.990184471011161804e-02
7.819056510925292969e-02 -2.099909186363220215e-01 8.490517735481262207e-01 -2.317198812961578369e-01 -4.185772240161895752e-01
-1.948943734169006348e-01 6.588674783706665039e-01 6.172994971275329590e-01 -3.459335491061210632e-02 3.816470801830291748e-01
8.093911409378051758e-01 -4.928462207317352295e-01 1.285269707441329956e-01 1.568027734756469727e-01 2.467433512210845947e-01
1.635023802518844604e-01 7.964413762092590332e-01 5.809397101402282715e-01 -3.215793892741203308e-02 -2.057099156081676483e-02
1.112417280673980713e-01 3.267720937728881836e-01 5.549154281616210938e-01 -2.452120929956436157e-01 -7.160902023315429688e-01
1.993569880723953247e-01 9.093955755233764648e-01 2.492758184671401978e-01 3.112004324793815613e-02 2.648575603961944580e-01
7.123759388923645020e-01 -5.369489789009094238e-01 2.997334897518157959e-01 1.180294975638389587e-01 3.169149458408355713e-01
-1.023955345153808594e-01 5.046200156211853027e-01 8.387885093688964844e-01 -1.261066794395446777e-01 -1.241159290075302124e-01
6.897555291652679443e-02 7.048511505126953125e-01 6.274090409278869629e-01 -1.606888622045516968e-01 -2.810058593750000000e-01
-5.245671421289443970e-02 4.565937817096710205e-01 8.754112124443054199e-01 -1.269243210554122925e-01 -7.947293668985366821e-02
6.638798117637634277e-02 9.246850013732910156e-01 2.273906916379928589e-01 6.691765040159225464e-02 2.904578149318695068e-01
-1.249503493309020996e-01 3.562980592250823975e-01 7.009372115135192871e-01 -2.325865626335144043e-01 -5.585961937904357910e-01
1.652322411537170410e-01 -5.346348285675048828e-01 7.944697141647338867e-01 -1.033839061856269836e-01 -2.121169269084930420e-01
2.811447679996490479e-01 -4.321947097778320312e-01 8.304743766784667969e-01 -1.107591763138771057e-01 -1.794714182615280151e-01
-1.877598464488983154e-01 6.224461197853088379e-01 6.879695653915405273e-01 -1.265021264553070068e-01 -2.966516315937042236e-01
-2.689214348793029785e-01 5.838493704795837402e-01 7.551848888397216797e-01 6.501168012619018555e-03 1.282756477594375610e-01
1.247906386852264404e-01 6.217566728591918945e-01 7.354519963264465332e-01 -2.284668385982513428e-02 2.375587224960327148e-01
2.159765511751174927e-01 9.037522077560424805e-01 3.035656809806823730e-01 -1.380800036713480949e-03 2.107891142368316650e-01
-1.365063041448593140e-01 4.442246854305267334e-01 7.905548810958862305e-01 -1.767682135105133057e-01 -3.575001955032348633e-01
-2.949232459068298340e-01 6.188175678253173828e-01 7.038605809211730957e-01 2.308854833245277405e-02 1.847495883703231812e-01
4.112189635634422302e-02 5.321030020713806152e-01 7.448362708091735840e-01 -1.417803615331649780e-01 -3.745565116405487061e-01
-4.004595279693603516e-01 -4.483188092708587646e-01 7.967617511749267578e-01 2.852636016905307770e-02 -5.476648360490798950e-02
-1.787121146917343140e-01 6.996005177497863770e-01 6.783054471015930176e-01 -6.302955746650695801e-02 1.206238865852355957e-01
-1.693689078092575073e-02 7.303674221038818359e-01 6.460702419281005859e-01 -9.685751050710678101e-03 2.208528369665145874e-01
1.447057574987411499e-01 5.036339759826660156e-01 7.321402430534362793e-01 6.481621414422988892e-02 4.303285479545593262e-01
2.841985523700714111e-01 -1.129235327243804932e-02 9.300507903099060059e-01 -1.246556192636489868e-01 -1.963927298784255981e-01
3.784893453121185303e-02 4.630018770694732666e-01 8.622226119041442871e-01 -4.135186225175857544e-02 1.976334452629089355e-01
7.920954376459121704e-02 8.349437117576599121e-01 4.162819683551788330e-01 2.148148790001869202e-02 3.504893183708190918e-01
-5.201444774866104126e-02 7.106679081916809082e-01 6.876795887947082520e-01 -6.834571808576583862e-02 -1.211254596710205078e-01
1.371764093637466431e-01 9.541917443275451660e-01 2.608959376811981201e-01 2.424420975148677826e-02 4.523517936468124390e-02
1.217453181743621826e-02 7.082749605178833008e-01 7.028605341911315918e-01 -2.176349796354770660e-02 -6.092531979084014893e-02
-3.059387952089309692e-02 5.362268686294555664e-01 7.969948053359985352e-01 6.361412256956100464e-02 2.688445150852203369e-01
-1.814849674701690674e-01 4.306387901306152344e-01 8.672230839729309082e-01 -1.194501668214797974e-01 -1.235684826970100403e-01
-1.790023967623710632e-02 5.525315403938293457e-01 5.767719745635986328e-01 -4.913910292088985443e-03 6.014136672019958496e-01
-8.815424889326095581e-02 5.909185409545898438e-01 7.211807370185852051e-01 1.272824108600616455e-01 3.267134428024291992e-01
-5.544706061482429504e-02 3.905944824218750000e-01 7.257805466651916504e-01 1.466900259256362915e-01 5.441379547119140625e-01
-1.093756183981895447e-01 6.892515420913696289e-01 7.016479372978210449e-01 -1.104200482368469238e-01 -9.201572835445404053e-02
-1.813658513128757477e-02 6.773463487625122070e-01 6.560957431793212891e-01 -6.402375549077987671e-02 -3.260557651519775391e-01
-1.235713288187980652e-01 5.562507510185241699e-01 5.176014900207519531e-01 2.554716467857360840e-01 5.849257707595825195e-01
3.069330751895904541e-01 -1.251474171876907349e-01 9.278076887130737305e-01 -1.281113177537918091e-01 -1.135362237691879272e-01
-3.806579858064651489e-02 1.129739135503768921e-01 8.894795775413513184e-01 1.514915190637111664e-02 4.408906400203704834e-01
2.263610959053039551e-01 4.193466901779174805e-01 8.572995066642761230e-01 -9.087110310792922974e-02 -1.723049432039260864e-01
-4.076813533902168274e-02 7.572131156921386719e-01 6.384710669517517090e-01 -4.355178028345108032e-02 1.241945177316665649e-01
3.809324800968170166e-01 8.474364280700683594e-01 2.517452538013458252e-01 5.330305546522140503e-02 2.655655443668365479e-01
2.462529689073562622e-01 8.009967207908630371e-01 4.859167933464050293e-01 -5.661280080676078796e-02 -2.417510300874710083e-01
2.477240264415740967e-01 5.929362773895263672e-01 6.863367557525634766e-01 5.568600445985794067e-02 3.360064327716827393e-01
-1.001439690589904785e-01 3.603730797767639160e-01 8.183531165122985840e-01 -1.543828099966049194e-01 -4.081257879734039307e-01
9.448865652084350586e-01 -1.851690262556076050e-01 1.153773516416549683e-01 1.557911783456802368e-01 1.879335790872573853e-01
-1.479510813951492310e-01 3.488562405109405518e-01 9.205015897750854492e-01 6.432081758975982666e-02 7.035338133573532104e-02
3.508993983268737793e-01 -5.991072058677673340e-01 6.506440043449401855e-01 -1.031958982348442078e-01 -2.897466123104095459e-01
-1.227562054991722107e-01 6.755960583686828613e-01 6.678062081336975098e-01 -1.491118315607309341e-02 2.869029343128204346e-01
7.609454393386840820e-01 -3.418243229389190674e-01 5.437719821929931641e-01 -3.425370901823043823e-02 -8.518750220537185669e-02
2.063902467489242554e-01 6.009234189987182617e-01 7.324026823043823242e-01 2.353974385187029839e-03 2.446933239698410034e-01
-5.417093038558959961e-01 -4.340709149837493896e-01 7.188784480094909668e-01 2.730101160705089569e-02 -2.453653886914253235e-02
2.014194577932357788e-01 1.929770410060882568e-01 1.083490848541259766e-01 -1.640615761280059814e-01 -9.399651288986206055e-01
2.209214419126510620e-01 9.151155948638916016e-01 3.083304762840270996e-01 -2.574812248349189758e-02 1.342630237340927124e-01
2.866168022155761719e-01 -1.584294587373733521e-01 4.530518054962158203e-01 -2.220835089683532715e-01 -7.988578081130981445e-01
-3.370621427893638611e-02 5.094382762908935547e-01 7.576047182083129883e-01 3.069650195538997650e-02 4.054989516735076904e-01
3.252506256103515625e-02 8.814283013343811035e-01 3.203728497028350830e-01 3.507046401500701904e-02 3.437406122684478760e-01
2.931172251701354980e-01 4.581755995750427246e-01 8.230397105216979980e-01 -7.803932577371597290e-02 -1.437807530164718628e-01
1.074690837413072586e-02 6.232696175575256348e-01 7.299440503120422363e-01 8.696757256984710693e-02 2.665290236473083496e-01
1.691851019859313965e-01 9.529846310615539551e-01 -1.551698241382837296e-02 1.109786331653594971e-01 2.250329852104187012e-01
2.547571994364261627e-02 7.682771682739257812e-01 4.961042106151580811e-01 6.067407876253128052e-02 3.991245329380035400e-01
-1.052064821124076843e-01 6.125061511993408203e-01 7.339865565299987793e-01 -2.659514918923377991e-02 2.726247310638427734e-01
3.612173795700073242e-01 7.685208320617675781e-01 5.123413205146789551e-01 -3.986404463648796082e-02 1.217164769768714905e-01
1.062745377421379089e-01 7.591451406478881836e-01 6.189765334129333496e-01 7.150363177061080933e-02 1.554339230060577393e-01
-9.826417267322540283e-02 4.018910527229309082e-01 9.095009565353393555e-01 -3.808866068720817566e-02 1.359799876809120178e-02
2.626518718898296356e-02 3.916514515876770020e-01 8.935097455978393555e-01 -2.116121165454387665e-02 2.170526534318923950e-01
-1.222367435693740845e-01 4.613897800445556641e-01 8.633158206939697266e-01 1.401109695434570312e-01 8.504363894462585449e-02
-2.240801602602005005e-01 7.373328208923339844e-01 5.774912834167480469e-01 1.216563507914543152e-01 2.404827922582626343e-01
4.893332719802856445e-02 3.173872530460357666e-01 9.111618399620056152e-01 -9.549607336521148682e-02 2.398653626441955566e-01
2.343701273202896118e-01 9.036653637886047363e-01 3.313967287540435791e-01 1.218328066170215607e-02 1.359684914350509644e-01
1.315975785255432129e-01 5.597853660583496094e-01 8.072224855422973633e-01 -3.872976452112197876e-02 1.273356080055236816e-01
2.278777211904525757e-01 7.961167693138122559e-01 3.647628128528594971e-01 1.167091280221939087e-01 4.093858897686004639e-01
3.096598982810974121e-01 -6.582008302211761475e-02 6.183318421244621277e-02 -1.992547065019607544e-01 -9.253392219543457031e-01
-1.574321389198303223e-01 3.953174650669097900e-01 8.252102136611938477e-01 1.230116337537765503e-01 3.504788577556610107e-01
-9.643261879682540894e-02 6.779539585113525391e-01 7.261146306991577148e-01 -6.186211854219436646e-02 -3.143012989312410355e-03
-1.318091750144958496e-01 8.778292536735534668e-01 4.426442384719848633e-01 5.765593424439430237e-02 -1.130664274096488953e-01
-1.324608176946640015e-01 6.145609617233276367e-01 7.708274722099304199e-01 -7.821843773126602173e-02 6.690181791782379150e-02
7.653412222862243652e-01 -2.712832689285278320e-01 4.081107676029205322e-01 1.991280764341354370e-01 3.666765689849853516e-01
-3.772149235010147095e-02 8.623119592666625977e-01 4.584897160530090332e-01 2.081010937690734863e-01 3.842308372259140015e-02
5.145422816276550293e-01 -4.404683038592338562e-02 8.552854061126708984e-01 4.234386980533599854e-02 1.980097003979608417e-04
6.740180253982543945e-01 -2.079151570796966553e-01 6.850386261940002441e-01 4.487513005733489990e-02 -1.765761822462081909e-01
2.776294946670532227e-01 8.460021018981933594e-01 3.263835608959197998e-01 7.056386768817901611e-02 3.093488514423370361e-01
-4.129577428102493286e-02 7.599925398826599121e-01 6.462288498878479004e-01 -4.803826659917831421e-02 -2.804545685648918152e-02
-1.087516844272613525e-01 7.979769706726074219e-01 5.895113348960876465e-01 3.502967208623886108e-02 5.152712762355804443e-02
-1.193312741816043854e-02 7.003179192543029785e-01 6.899771094322204590e-01 -5.979591235518455505e-02 -1.725354194641113281e-01
-5.463234782218933105e-01 -4.173529744148254395e-01 7.260597944259643555e-01 1.348987314850091934e-02 -1.521521829999983311e-03
3.720888495445251465e-01 -4.388150870800018311e-01 8.156177401542663574e-01 2.009622752666473389e-02 5.792243033647537231e-02
-1.222704350948333740e-01 3.984656929969787598e-01 9.046967625617980957e-01 -5.591067299246788025e-02 6.835766136646270752e-02
4.852239415049552917e-02 9.565302133560180664e-01 2.567915916442871094e-01 1.330292504280805588e-02 1.287497133016586304e-01
6.799384355545043945e-01 -5.571854300796985626e-03 4.473619163036346436e-01 1.707914918661117554e-01 5.552929639816284180e-01
-1.276558041572570801e-01 2.998997867107391357e-01 8.410679697990417480e-01 1.751184016466140747e-01 3.945913016796112061e-01
3.764475584030151367e-01 2.870531082153320312e-01 7.581201195716857910e-01 1.121265366673469543e-01 4.342455863952636719e-01
-3.035935759544372559e-01 3.069073855876922607e-01 8.438400626182556152e-01 1.170500144362449646e-01 2.964322566986083984e-01
3.857030570507049561e-01 5.547750592231750488e-01 6.723585128784179688e-01 1.930965185165405273e-01 2.326059341430664062e-01
-2.473804801702499390e-01 3.386277556419372559e-01 8.940774798393249512e-01 -4.425901547074317932e-02 -1.509988754987716675e-01
8.518559336662292480e-01 -2.924640774726867676e-01 1.268402338027954102e-01 1.811141073703765869e-01 3.740528225898742676e-01
2.700373232364654541e-01 8.833638429641723633e-01 3.231931626796722412e-01 1.449386626482009888e-01 1.459010839462280273e-01
-1.104388982057571411e-01 7.829021215438842773e-01 5.759101510047912598e-01 7.747577875852584839e-02 -1.928534507751464844e-01
-2.460039705038070679e-01 2.308522760868072510e-01 9.177314043045043945e-01 -6.059311702847480774e-02 -2.007154226303100586e-01
6.132684946060180664e-01 -1.317483782768249512e-01 7.216855883598327637e-01 9.884490817785263062e-02 2.755791544914245605e-01
5.125597864389419556e-02 6.906608343124389648e-01 6.233822703361511230e-01 6.783726811408996582e-02 3.565852940082550049e-01
-1.393819749355316162e-01 9.497464299201965332e-01 -2.054460793733596802e-01 1.552790552377700806e-01 -1.106109619140625000e-01
-5.438107997179031372e-02 8.174857497215270996e-01 4.814821183681488037e-01 1.286723017692565918e-01 2.835105955600738525e-01
-1.726724803447723389e-01 6.846370697021484375e-01 5.452748537063598633e-01 1.807471662759780884e-01 4.140799641609191895e-01
8.399074077606201172e-01 -1.330159455537796021e-01 2.538309097290039062e-01 1.527434289455413818e-01 4.348581731319427490e-01
-5.074704065918922424e-02 9.261320829391479492e-01 -2.659679055213928223e-01 1.712680757045745850e-01 -1.990789324045181274e-01
9.440483152866363525e-02 3.811019957065582275e-01 7.573764324188232422e-01 2.282456606626510620e-01 4.691842198371887207e-01
-5.294404551386833191e-02 9.336336851119995117e-01 -2.814568877220153809e-01 1.525266766548156738e-01 -1.517981737852096558e-01
3.633387684822082520e-01 3.280625045299530029e-01 7.754546403884887695e-01 2.279913723468780518e-01 3.271847367286682129e-01
4.414824247360229492e-01 2.743754982948303223e-01 8.345508575439453125e-01 7.702016085386276245e-02 1.655421257019042969e-01
-1.044338047504425049e-01 3.441019356250762939e-01 8.502374887466430664e-01 2.440864965319633484e-02 3.836506009101867676e-01
-7.449404150247573853e-02 4.955217242240905762e-01 8.389996290206909180e-01 6.020407378673553467e-02 2.033812403678894043e-01
6.425175666809082031e-01 4.191711246967315674e-01 6.371660232543945312e-01 7.217591255903244019e-02 -1.663895323872566223e-02
1.005502119660377502e-01 5.859455466270446777e-01 7.868507504463195801e-01 1.059072837233543396e-01 1.273066550493240356e-01
7.101958151906728745e-03 4.212364256381988525e-01 6.535706520080566406e-01 1.801056414842605591e-01 6.024256348609924316e-01
4.287682473659515381e-01 9.860618412494659424e-02 7.332350611686706543e-01 4.887671209871768951e-03 -5.184370875358581543e-01
-4.440352320671081543e-01 3.914025723934173584e-01 7.473731637001037598e-01 -1.714707612991333008e-01 -2.483299076557159424e-01
1.182543933391571045e-01 5.376716256141662598e-01 8.231244087219238281e-01 -8.585174381732940674e-02 -1.096398979425430298e-01
-5.385252833366394043e-02 5.215800404548645020e-01 8.440446257591247559e-01 3.042124584317207336e-02 1.082465425133705139e-01
2.815263867378234863e-01 7.172752618789672852e-01 6.174594759941101074e-01 4.464435949921607971e-02 1.516899764537811279e-01
1.183238551020622253e-01 3.009143471717834473e-01 8.456639647483825684e-01 1.557567715644836426e-01 3.950220346450805664e-01
-1.387598961591720581e-01 7.049376964569091797e-01 5.430696606636047363e-01 1.109212264418601990e-01 4.202146530151367188e-01
1.330165937542915344e-02 6.625379920005798340e-01 7.346337437629699707e-01 7.364909350872039795e-02 -1.255212128162384033e-01
8.588017523288726807e-02 4.947540760040283203e-01 5.710489153861999512e-01 2.788889408111572266e-01 5.864871144294738770e-01
7.740688323974609375e-01 -4.966939389705657959e-01 3.095534145832061768e-01 9.152789413928985596e-02 2.234097421169281006e-01
1.390205174684524536e-01 2.838686108589172363e-01 9.425503015518188477e-01 4.305281862616539001e-02 9.918300807476043701e-02
-3.411600589752197266e-01 2.902421951293945312e-01 8.501720428466796875e-01 1.164664030075073242e-01 2.510226070880889893e-01
8.732328414916992188e-01 -1.666603088378906250e-01 3.359131813049316406e-01 1.234507858753204346e-01 2.856762409210205078e-01
3.208124637603759766e-01 1.930672973394393921e-01 8.482090234756469727e-01 2.450100332498550415e-01 2.834007740020751953e-01
-7.635384798049926758e-02 2.006621211767196655e-01 9.632319808006286621e-01 7.645017653703689575e-02 1.422821879386901855e-01
-1.974135786294937134e-01 3.443025946617126465e-01 9.055672287940979004e-01 1.231010779738426208e-01 8.530948311090469360e-02
-4.976671338081359863e-01 -5.659951642155647278e-02 8.644130825996398926e-01 3.444207087159156799e-02 2.697499282658100128e-02
-3.009865880012512207e-01 7.861662507057189941e-01 4.939927458763122559e-01 1.176887191832065582e-02 2.172150313854217529e-01
-2.769162952899932861e-01 -3.111194819211959839e-02 9.546272754669189453e-01 1.034327372908592224e-01 -1.837818510830402374e-02
8.026918172836303711e-01 -1.318715978413820267e-03 4.450858235359191895e-01 2.393102794885635376e-01 3.167228698730468750e-01
-2.618420422077178955e-01 7.950546741485595703e-01 5.405260920524597168e-01 5.779182910919189453e-02 -6.179351359605789185e-02
-4.962281882762908936e-01 -3.735941350460052490e-01 7.819758653640747070e-01 5.111104995012283325e-02 -9.294471703469753265e-03
-1.839978098869323730e-01 6.365398764610290527e-01 5.668846964836120605e-01 1.224792823195457458e-01 4.739224016666412354e-01
-1.558857262134552002e-01 9.695141911506652832e-01 -1.130422353744506836e-01 1.413661688566207886e-01 -5.457960069179534912e-02
-1.740107387304306030e-01 7.543486356735229492e-01 6.298844218254089355e-01 1.068604644387960434e-02 6.172293424606323242e-02
9.044963121414184570e-01 -3.942235708236694336e-01 -5.005561932921409607e-02 1.520135700702667236e-01 -2.933236025273799896e-02
2.177256904542446136e-02 9.209638833999633789e-01 3.333440124988555908e-01 1.207949891686439514e-01 1.601307541131973267e-01
-6.826304793357849121e-01 -1.485714763402938843e-01 6.998129487037658691e-01 1.136528477072715759e-01 -9.636887162923812866e-02
2.515911459922790527e-01 8.695235252380371094e-01 -1.731907874345779419e-01 1.301437765359878540e-01 3.656474947929382324e-01
-5.805318951606750488e-01 -3.923781514167785645e-01 7.118710875511169434e-01 4.262086376547813416e-02 2.109723910689353943e-02
8.880524039268493652e-01 -3.951020538806915283e-01 -6.068624556064605713e-02 1.615698337554931641e-01 1.595921367406845093e-01
-3.819285631179809570e-01 3.248532414436340332e-01 8.240174651145935059e-01 1.120349094271659851e-01 2.388394176959991455e-01
-6.020530462265014648e-01 -2.552094161510467529e-01 7.036612033843994141e-01 4.992314055562019348e-02 -2.734391093254089355e-01
-6.322866678237915039e-01 -2.060042023658752441e-01 7.332205176353454590e-01 3.834993019700050354e-02 -1.367215365171432495e-01
-1.567236334085464478e-01 8.400859832763671875e-01 5.173389315605163574e-01 3.900944814085960388e-02 2.306384593248367310e-02
1.345211118459701538e-01 5.791259407997131348e-01 7.765047550201416016e-01 1.882591992616653442e-01 -9.008883684873580933e-02
-5.366724357008934021e-02 9.871206879615783691e-01 8.584730327129364014e-02 9.398330003023147583e-02 8.068378269672393799e-02
-2.849756926298141479e-02 6.005519628524780273e-01 7.817370891571044922e-01 3.953070938587188721e-02 1.607783138751983643e-01
-4.599948227405548096e-01 -5.247656106948852539e-01 7.071557641029357910e-01 1.053520143032073975e-01 -4.309868067502975464e-02
1.356471925973892212e-01 9.723993539810180664e-01 -1.380032207816839218e-02 1.065014526247978210e-01 1.565451771020889282e-01
-1.942140609025955200e-02 2.004748433828353882e-01 7.771150469779968262e-01 1.636176854372024536e-01 5.733708143234252930e-01
-2.626191377639770508e-01 8.685231208801269531e-01 4.193193912506103516e-01 2.800230309367179871e-02 -9.267366491258144379e-03
3.401475250720977783e-01 2.935423254966735840e-01 7.838754057884216309e-01 8.266343921422958374e-02 4.205219149589538574e-01
1.896270364522933960e-01 1.780587881803512573e-01 -1.374006643891334534e-02 -1.074847280979156494e-01 -9.594764113426208496e-01
1.607255637645721436e-01 9.566780924797058105e-01 -1.584114134311676025e-01 1.324134320020675659e-01 1.276985704898834229e-01
-4.069040417671203613e-01 6.639894247055053711e-01 4.352070987224578857e-01 3.911119699478149414e-02 -4.501245319843292236e-01
8.461774587631225586e-01 -4.924781024456024170e-01 -5.167920142412185669e-03 2.030171155929565430e-01 -1.436232309788465500e-02
-4.286473989486694336e-01 7.981790304183959961e-01 3.867484927177429199e-01 1.717752963304519653e-01 -9.505812078714370728e-03
-2.870281636714935303e-01 7.626839280128479004e-01 4.910806715488433838e-01 4.607710056006908417e-03 -3.078094720840454102e-01
-4.054529666900634766e-01 7.425387948751449585e-02 8.980604410171508789e-01 -1.014443561434745789e-01 1.152856647968292236e-01
-4.003902971744537354e-01 8.804153800010681152e-01 1.897991299629211426e-01 1.560958623886108398e-01 -6.455068290233612061e-02
1.730420440435409546e-01 8.836382627487182617e-01 -1.455797702074050903e-01 1.815565526485443115e-01 3.675370514392852783e-01
-1.237106472253799438e-01 7.763275504112243652e-01 5.436494946479797363e-01 6.168207153677940369e-02 -2.874921560287475586e-01
6.752876043319702148e-01 4.198855161666870117e-01 1.722949892282485962e-01 5.231074690818786621e-01 2.536843717098236084e-01
5.166316777467727661e-02 9.672530293464660645e-01 1.020383387804031372e-01 1.347913444042205811e-01 -1.821315586566925049e-01
2.172857671976089478e-01 4.303756058216094971e-01 7.655788064002990723e-01 4.167558550834655762e-01 -8.813253045082092285e-02
-2.641631960868835449e-01 8.232011198997497559e-01 5.777905136346817017e-02 6.421313434839248657e-02 -4.950716793537139893e-01
5.620656535029411316e-02 9.469963908195495605e-01 -1.443825066089630127e-01 1.705363392829895020e-01 2.238520532846450806e-01
-7.439412474632263184e-01 -9.688033722341060638e-03 5.972341895103454590e-01 4.004966095089912415e-02 -2.969256341457366943e-01
-2.699295580387115479e-01 8.906233906745910645e-01 6.381023675203323364e-02 2.822873890399932861e-01 2.239867150783538818e-01
-1.219937130808830261e-01 8.531664013862609863e-01 4.740253090858459473e-01 1.126585230231285095e-01 -1.408289521932601929e-01
-3.596372902393341064e-01 7.884569764137268066e-01 3.574314415454864502e-01 3.471725881099700928e-01 2.665689587593078613e-02
-7.579007744789123535e-02 9.252017736434936523e-01 2.008257210254669189e-01 2.412260770797729492e-01 1.993400752544403076e-01
-4.886713325977325439e-01 -5.648398995399475098e-01 6.469798088073730469e-01 3.909555450081825256e-02 -1.484751403331756592e-01
-2.095645666122436523e-01 9.023190736770629883e-01 -2.044530212879180908e-01 1.922820657491683960e-01 -2.512558996677398682e-01
8.615093827247619629e-01 -3.182367682456970215e-01 -3.397726416587829590e-01 1.917216032743453979e-01 -6.575928628444671631e-02
1.998530030250549316e-01 5.293003097176551819e-02 4.954200387001037598e-01 -5.155745893716812134e-02 -8.421152234077453613e-01
-4.446404576301574707e-01 7.797750234603881836e-01 3.528518080711364746e-01 2.120790630578994751e-01 1.573651432991027832e-01
-1.595740318298339844e-01 8.213696479797363281e-01 1.009534951299428940e-02 8.562489598989486694e-02 -5.407906770706176758e-01
-5.607980862259864807e-02 -3.930666744709014893e-01 6.924623250961303711e-01 -2.113335132598876953e-01 -5.640813708305358887e-01
-2.770127952098846436e-01 5.750733017921447754e-01 7.526063323020935059e-01 1.438502073287963867e-01 -7.379354536533355713e-02
-6.613315939903259277e-01 -3.812936842441558838e-01 6.153267621994018555e-01 6.563199311494827271e-02 -1.852595657110214233e-01
-5.890303254127502441e-01 -4.558592438697814941e-01 5.792644619941711426e-01 1.080306619405746460e-01 -3.130778372287750244e-01
-6.273306608200073242e-01 4.215481281280517578e-01 3.864931762218475342e-01 2.993899285793304443e-01 -4.355939924716949463e-01
-3.945648670196533203e-01 8.757637143135070801e-01 2.595691978931427002e-01 7.461773604154586792e-02 6.642664223909378052e-02
-6.087849736213684082e-01 6.237872242927551270e-01 4.219065606594085693e-01 -1.012129522860050201e-02 -2.493246048688888550e-01
8.372406363487243652e-01 -2.544041872024536133e-01 -3.221750259399414062e-01 2.803744077682495117e-01 2.278160899877548218e-01
-5.900508165359497070e-01 7.469257712364196777e-01 2.980181872844696045e-01 7.006079703569412231e-02 1.478125341236591339e-02
8.941673636436462402e-01 -2.008287310600280762e-01 -3.484100997447967529e-01 1.953404098749160767e-01 2.418954297900199890e-02
6.656787991523742676e-01 3.348334133625030518e-01 -5.156264454126358032e-02 5.098463892936706543e-01 4.267977178096771240e-01
-1.919343918561935425e-01 9.372901916503906250e-01 1.523233763873577118e-02 1.802025139331817627e-01 -2.279105186462402344e-01
-1.594081521034240723e-01 2.642700672149658203e-01 9.262228012084960938e-01 -3.562144935131072998e-02 2.135244160890579224e-01
1.763359457254409790e-01 9.454901814460754395e-01 -7.658880203962326050e-02 2.628203630447387695e-01 -3.690607845783233643e-03
-8.566763252019882202e-02 9.416651725769042969e-01 9.228467941284179688e-02 2.971858978271484375e-01 9.535108506679534912e-02
-6.522111296653747559e-01 -2.291969656944274902e-01 5.004618167877197266e-01 8.535840362310409546e-02 -5.141413807868957520e-01
-1.740024685859680176e-01 8.661071658134460449e-01 -2.482674568891525269e-01 2.391093075275421143e-01 -3.174453377723693848e-01
-4.432085156440734863e-01 6.844325065612792969e-01 2.942637503147125244e-01 2.755333781242370605e-01 -4.154618680477142334e-01
-3.038426935672760010e-01 9.080966114997863770e-01 6.038291379809379578e-02 1.926469355821609497e-01 -2.056239396333694458e-01
-4.779931008815765381e-01 7.690274119377136230e-01 2.854452729225158691e-01 2.465084493160247803e-01 -1.946123540401458740e-01
-3.843726217746734619e-01 8.735882639884948730e-01 5.819892510771751404e-03 1.198596730828285217e-01 -2.733148038387298584e-01
-2.116038203239440918e-01 7.584161162376403809e-01 3.206257522106170654e-01 4.241611659526824951e-01 -3.119538426399230957e-01
-6.077022552490234375e-01 -4.460233747959136963e-01 6.010915040969848633e-01 4.986653104424476624e-02 -2.606979608535766602e-01
-4.549538791179656982e-01 5.492289662361145020e-01 2.695689499378204346e-01 -5.257399007678031921e-02 -6.449288129806518555e-01
7.954076863825321198e-03 -3.542872667312622070e-01 3.996839225292205811e-01 -1.574639603495597839e-02 -8.452349305152893066e-01
-7.194847464561462402e-01 -1.565010547637939453e-01 6.388741135597229004e-01 2.226357758045196533e-01 1.105960085988044739e-02
-6.396761536598205566e-01 -1.859579682350158691e-01 4.466263353824615479e-01 1.379576176404953003e-01 -5.811426043510437012e-01
5.393916368484497070e-02 8.866460919380187988e-01 -2.038349360227584839e-01 3.784473836421966553e-01 -1.617965549230575562e-01
8.312264680862426758e-01 -1.376678496599197388e-01 -4.465472102165222168e-01 2.806052565574645996e-01 1.093917787075042725e-01
-3.023169189691543579e-02 5.829260945320129395e-01 -3.718392252922058105e-01 2.407584786415100098e-01 -6.804808974266052246e-01
1.686331182718276978e-01 -1.544255316257476807e-01 -6.109178811311721802e-02 -1.062934920191764832e-01 -9.657562375068664551e-01
-5.316781401634216309e-01 1.459033191204071045e-01 2.953230440616607666e-01 2.635591924190521240e-01 -7.344055175781250000e-01
3.182230591773986816e-01 -5.444857478141784668e-02 1.882918179035186768e-01 2.877647876739501953e-01 -8.817636370658874512e-01
-2.438750416040420532e-01 2.764993906021118164e-01 -1.667650975286960602e-02 1.996556818485260010e-01 -9.077072739601135254e-01
-1.324215382337570190e-01 8.469545245170593262e-01 -2.550088465213775635e-01 2.794586718082427979e-01 -3.492932617664337158e-01
-3.966731727123260498e-01 5.910634994506835938e-01 1.609668731689453125e-01 6.053773686289787292e-02 -6.809693574905395508e-01
-1.200748085975646973e-01 8.828962445259094238e-01 -2.920809388160705566e-01 1.722959727048873901e-01 -3.017931580543518066e-01
5.785316228866577148e-01 -6.329133510589599609e-01 -6.480129063129425049e-02 1.511440873146057129e-01 -4.875223636627197266e-01
-3.778063505887985229e-02 7.732667326927185059e-01 -4.335604310035705566e-01 2.112347185611724854e-01 -4.099224507808685303e-01
-5.307291746139526367e-01 1.870091706514358521e-01 3.469538986682891846e-01 -2.410775050520896912e-02 -7.499307394027709961e-01
-1.979105621576309204e-01 8.842474818229675293e-01 -3.127030134201049805e-01 2.468602508306503296e-01 -1.421782523393630981e-01
7.001420855522155762e-02 -6.829727441072463989e-02 -1.077758986502885818e-02 -7.793602347373962402e-02 -9.920904040336608887e-01
-1.854461282491683960e-01 9.000343680381774902e-01 -2.823548018932342529e-01 2.162061929702758789e-01 -1.705241501331329346e-01
7.937768101692199707e-02 2.805227935314178467e-01 6.069212555885314941e-01 -6.898515671491622925e-02 -7.361344099044799805e-01
-3.190057873725891113e-01 4.545286595821380615e-01 7.821265608072280884e-02 -6.093040108680725098e-03 -8.279399871826171875e-01
7.124458551406860352e-01 -4.666158556938171387e-01 -1.787513047456741333e-01 2.369773536920547485e-01 -4.319492876529693604e-01
-2.159375324845314026e-02 8.727803826332092285e-01 -3.325953483581542969e-01 2.151858508586883545e-01 -2.843650281429290771e-01
2.388553768396377563e-01 1.187547072768211365e-01 -1.871555298566818237e-01 -9.928791224956512451e-02 -9.401915073394775391e-01
-6.430231332778930664e-01 1.152033880352973938e-01 3.810481131076812744e-01 1.182378754019737244e-01 -6.434838771820068359e-01
2.764631994068622589e-02 2.061174958944320679e-01 -7.233504205942153931e-02 6.496236193925142288e-03 -9.754366874694824219e-01
-1.344873309135437012e-01 9.406746625900268555e-01 -2.534015849232673645e-02 2.743350565433502197e-01 -1.454042196273803711e-01
3.192343562841415405e-02 5.513755083084106445e-01 -2.316579967737197876e-01 2.796774208545684814e-01 -7.503873109817504883e-01
-8.953168988227844238e-02 9.083394408226013184e-01 -1.409063339233398438e-01 3.216484785079956055e-01 -2.087850868701934814e-01
-7.757782936096191406e-01 4.265599325299263000e-02 5.496507287025451660e-01 1.370204687118530273e-01 -2.746960818767547607e-01
-6.491117477416992188e-01 -3.950391411781311035e-01 5.916491150856018066e-01 7.749720662832260132e-02 -2.579605579376220703e-01
-2.869166433811187744e-01 8.527001738548278809e-01 -2.843317687511444092e-01 2.803857624530792236e-01 -1.764105111360549927e-01
3.273149207234382629e-02 5.334793329238891602e-01 -3.455376327037811279e-01 1.880112290382385254e-01 -7.480534911155700684e-01
-1.938735246658325195e-01 7.390158176422119141e-01 -9.981724619865417480e-02 3.161307573318481445e-01 -5.535039305686950684e-01
-7.481343150138854980e-01 8.065432310104370117e-03 2.870425581932067871e-01 3.018919825553894043e-01 -5.164279341697692871e-01
-2.754878103733062744e-01 8.842526674270629883e-01 6.998965889215469360e-02 2.025906741619110107e-01 -3.102612197399139404e-01
-7.160764932632446289e-01 -1.166578680276870728e-01 4.005080461502075195e-01 1.619344800710678101e-01 -5.357200503349304199e-01
-1.479995697736740112e-01 7.979063391685485840e-01 -3.948698341846466064e-01 1.637014299631118774e-01 -3.983982801437377930e-01
-2.677605450153350830e-01 7.420257925987243652e-01 -4.384280741214752197e-02 1.561056375503540039e-01 -5.927991867065429688e-01
-3.692121803760528564e-02 8.003117442131042480e-01 -3.561388850212097168e-01 2.801321446895599365e-01 -3.909336328506469727e-01
6.457090973854064941e-01 -5.707415938377380371e-01 -1.217245161533355713e-01 3.116165995597839355e-01 -3.813030421733856201e-01
-4.654003679752349854e-01 5.462042093276977539e-01 3.013050854206085205e-01 1.985157281160354614e-01 -5.957098007202148438e-01
-2.961293756961822510e-01 7.446103692054748535e-01 -7.212377339601516724e-02 2.746206223964691162e-01 -5.265399217605590820e-01
7.390600442886352539e-01 -1.699668467044830322e-01 -4.268713295459747314e-01 4.293012619018554688e-01 -2.416252493858337402e-01
2.918042242527008057e-01 6.620021462440490723e-01 -7.314830273389816284e-02 4.787773489952087402e-01 -4.919603466987609863e-01
-3.247520029544830322e-01 7.437021136283874512e-01 -2.335631251335144043e-01 1.585053950548171997e-01 -5.116323232650756836e-01
2.084804624319076538e-01 6.536453962326049805e-01 -5.993083715438842773e-01 2.788294255733489990e-01 -3.039197325706481934e-01
1.116627827286720276e-01 4.984127581119537354e-01 -3.308339715003967285e-01 3.948892652988433838e-01 -6.882786750793457031e-01
4.211794137954711914e-01 5.874552130699157715e-01 -5.001476407051086426e-01 4.076721668243408203e-01 -2.473055124282836914e-01
-6.410688161849975586e-01 -3.781513869762420654e-01 4.715894162654876709e-01 1.007806286215782166e-01 -4.620378613471984863e-01
-1.522528678178787231e-01 7.572966217994689941e-01 -3.874994218349456787e-01 1.888289302587509155e-01 -4.663782119750976562e-01
7.715990394353866577e-02 1.068956404924392700e-01 -4.659425616264343262e-01 3.521442413330078125e-01 -8.009442090988159180e-01
-2.260166406631469727e-01 2.330896556377410889e-01 -9.439942240715026855e-02 4.258355125784873962e-02 -9.401388168334960938e-01
-5.131110548973083496e-01 -5.441058874130249023e-01 5.807828307151794434e-01 1.871661096811294556e-02 -3.209468424320220947e-01
-3.403811454772949219e-01 6.242923736572265625e-01 2.238374762237071991e-02 7.676524668931961060e-02 -6.985741257667541504e-01
-5.897018313407897949e-01 -4.705190956592559814e-01 4.640610218048095703e-01 2.878462970256805420e-01 -3.642188310623168945e-01
-5.178998708724975586e-01 -5.490636825561523438e-01 5.029824376106262207e-01 1.024145483970642090e-01 -4.084467589855194092e-01
-5.968089699745178223e-01 -4.265360534191131592e-01 6.012816429138183594e-01 -4.904060042463243008e-04 -3.167745769023895264e-01
-2.752822637557983398e-01 5.645240545272827148e-01 -1.574624627828598022e-01 1.892072856426239014e-01 -7.381994724273681641e-01
-5.957694053649902344e-01 -4.566608667373657227e-01 4.468138515949249268e-01 1.964513808488845825e-01 -4.452908039093017578e-01
-1.491536647081375122e-01 2.863344252109527588e-01 -1.996076107025146484e-01 2.601387202739715576e-01 -8.878346681594848633e-01
-3.978021144866943359e-01 6.670318841934204102e-01 8.922265470027923584e-02 2.195421792566776276e-02 -6.232007741928100586e-01
-6.025928258895874023e-01 -2.347757965326309204e-01 3.947722315788269043e-01 4.439793527126312256e-02 -6.511113047599792480e-01
-8.419299870729446411e-02 2.951189875602722168e-01 -4.124758541584014893e-01 6.083624958992004395e-01 -6.046280860900878906e-01
-3.650454431772232056e-02 6.919729709625244141e-01 -3.874685168266296387e-01 1.978705227375030518e-01 -5.749402046203613281e-01
1.755716502666473389e-01 6.878543496131896973e-01 -5.963538289070129395e-01 2.420615851879119873e-01 -2.860054671764373779e-01
-5.990223288536071777e-01 -4.467672407627105713e-01 5.104451775550842285e-01 7.735542207956314087e-02 -4.183696508407592773e-01
-2.334974259138107300e-01 6.864028573036193848e-01 -2.409443110227584839e-01 5.570287704467773438e-01 -3.255683183670043945e-01
-6.963189244270324707e-01 -3.850392997264862061e-01 4.770609438419342041e-01 1.908586025238037109e-01 -3.207345306873321533e-01
-2.900288999080657959e-01 -4.635759815573692322e-02 -1.234675273299217224e-01 3.669907450675964355e-01 -8.739609718322753906e-01
-1.288289725780487061e-01 6.657143831253051758e-01 -3.317760229110717773e-01 1.587273478507995605e-01 -6.363629102706909180e-01
6.865486502647399902e-02 6.859387159347534180e-01 -3.975661098957061768e-01 2.430797517299652100e-01 -5.546422600746154785e-01
-8.210894465446472168e-01 2.020308226346969604e-01 2.545625567436218262e-01 2.160856574773788452e-01 -4.165338575839996338e-01
-4.998172819614410400e-01 -6.265436410903930664e-01 5.042571425437927246e-01 1.617363840341567993e-01 -2.778341174125671387e-01
2.905564382672309875e-03 6.090721487998962402e-01 -3.056509494781494141e-01 1.886149495840072632e-01 -7.071241736412048340e-01
3.023330271244049072e-01 2.536027431488037109e-01 -5.201321840286254883e-01 7.558696866035461426e-01 -4.902976751327514648e-02
-1.863089948892593384e-01 6.334821581840515137e-01 -3.050704300403594971e-01 2.365845143795013428e-01 -6.441653370857238770e-01
-2.667871769517660141e-03 5.651454925537109375e-01 -4.642514884471893311e-01 3.023622035980224609e-01 -6.112700104713439941e-01
-4.245426654815673828e-01 -3.229595720767974854e-02 -1.466239430010318756e-02 9.699859470129013062e-02 -8.994979858398437500e-01
-4.087422192096710205e-01 2.748718559741973877e-01 1.669874787330627441e-01 -7.659760862588882446e-02 -8.506604433059692383e-01
-6.777639985084533691e-01 6.074430346488952637e-01 3.246187046170234680e-02 2.230506837368011475e-01 -3.476256728172302246e-01
-6.739696860313415527e-01 7.770098745822906494e-02 1.959781199693679810e-01 1.016715988516807556e-01 -7.007016539573669434e-01
-2.130001932382583618e-01 -5.652104616165161133e-01 1.377016007900238037e-01 1.432311832904815674e-01 -7.718103528022766113e-01
-4.178343415260314941e-01 3.572827577590942383e-01 -1.087647750973701477e-01 7.100549340248107910e-02 -8.251618146896362305e-01
-5.521540045738220215e-01 -2.176036089658737183e-01 2.364094704389572144e-01 5.677307769656181335e-02 -7.672431468963623047e-01
-7.045671343803405762e-01 -1.348172575235366821e-01 3.359165191650390625e-01 1.118454113602638245e-01 -6.000501513481140137e-01
-7.538110613822937012e-01 -7.057213783264160156e-02 3.653983771800994873e-01 5.601852759718894958e-02 -5.386413931846618652e-01
-6.790779232978820801e-01 -3.232955634593963623e-01 4.553511440753936768e-01 9.167773276567459106e-02 -4.675292670726776123e-01
4.016339778900146484e-02 -3.279154002666473389e-02 -1.977775394916534424e-01 5.870407223701477051e-01 -7.833126783370971680e-01
-4.336292445659637451e-01 -4.180983304977416992e-01 2.414280176162719727e-01 9.680129587650299072e-02 -7.546531558036804199e-01
-1.280332654714584351e-01 9.059872031211853027e-01 -3.126049637794494629e-01 2.376224398612976074e-01 -9.278128296136856079e-02
-4.507713764905929565e-02 6.670001149177551270e-01 -3.412523567676544189e-01 8.678578585386276245e-02 -6.550526618957519531e-01
-5.052754282951354980e-01 -4.592640697956085205e-01 4.748279452323913574e-01 -3.034089505672454834e-02 -5.544285774230957031e-01
-5.141087770462036133e-01 1.572540998458862305e-01 7.807423919439315796e-02 -4.923714697360992432e-02 -8.381189703941345215e-01
-6.068014502525329590e-01 -1.311199069023132324e-01 2.616705298423767090e-01 4.662867635488510132e-02 -7.375322580337524414e-01
-6.874380260705947876e-02 4.501591324806213379e-01 -3.486838638782501221e-01 5.045790970325469971e-02 -8.176213502883911133e-01
-1.053720638155937195e-01 -4.357483386993408203e-01 -4.582954198122024536e-02 5.673014745116233826e-02 -8.908992409706115723e-01
1.383813917636871338e-01 7.899304032325744629e-01 -5.040488243103027344e-01 1.984439939260482788e-01 -2.518242299556732178e-01
-4.931735098361968994e-01 -4.832126498222351074e-01 4.679634571075439453e-01 -1.837850920855998993e-02 -5.513237714767456055e-01
-6.541755199432373047e-01 2.361143231391906738e-01 1.769724935293197632e-01 -1.796695776283740997e-02 -6.961770057678222656e-01
-6.636478304862976074e-01 -1.598565876483917236e-01 2.770725488662719727e-01 1.251627206802368164e-01 -6.645166873931884766e-01
2.565340399742126465e-01 3.192851543426513672e-01 -5.578151941299438477e-01 1.174703612923622131e-01 -7.122430205345153809e-01
-1.208764836192131042e-01 -4.987519979476928711e-01 -3.228426724672317505e-02 1.712168902158737183e-01 -8.404033184051513672e-01
1.454122364521026611e-01 5.394192934036254883e-01 -5.819875597953796387e-01 1.601387411355972290e-01 -5.687953829765319824e-01
-5.732362270355224609e-01 -9.192185848951339722e-02 1.740014255046844482e-01 4.730602726340293884e-02 -7.940002083778381348e-01
-5.499570369720458984e-01 6.910105347633361816e-01 -1.438593585044145584e-02 4.375653341412544250e-02 -4.668298661708831787e-01
